7.347148e+002 	-2.068481e+000 	 
7.346263e+002 	-2.066650e+000 	 
7.345378e+002 	-2.068787e+000 	 
7.344493e+002 	-2.070007e+000 	 
7.343608e+002 	-2.068787e+000 	 
7.342723e+002 	-2.069397e+000 	 
7.341838e+002 	-2.068787e+000 	 
7.340953e+002 	-2.069092e+000 	 
7.340068e+002 	-2.069397e+000 	 
7.339183e+002 	-2.068481e+000 	 
7.338298e+002 	-2.069092e+000 	 
7.337413e+002 	-2.070923e+000 	 
7.336528e+002 	-2.070618e+000 	 
7.335643e+002 	-2.067566e+000 	 
7.334758e+002 	-2.069702e+000 	 
7.333873e+002 	-2.068481e+000 	 
7.332988e+002 	-2.068176e+000 	 
7.332103e+002 	-2.069702e+000 	 
7.331218e+002 	-2.070313e+000 	 
7.330333e+002 	-2.070007e+000 	 
7.329448e+002 	-2.070313e+000 	 
7.328563e+002 	-2.069397e+000 	 
7.327678e+002 	-2.071838e+000 	 
7.326793e+002 	-2.070923e+000 	 
7.325908e+002 	-2.071228e+000 	 
7.325023e+002 	-2.070007e+000 	 
7.324138e+002 	-2.069397e+000 	 
7.323253e+002 	-2.072144e+000 	 
7.322368e+002 	-2.071228e+000 	 
7.321484e+002 	-2.071533e+000 	 
7.320599e+002 	-2.070618e+000 	 
7.319714e+002 	-2.071228e+000 	 
7.318829e+002 	-2.071228e+000 	 
7.317944e+002 	-2.071533e+000 	 
7.317059e+002 	-2.072144e+000 	 
7.316174e+002 	-2.072754e+000 	 
7.315289e+002 	-2.071838e+000 	 
7.314404e+002 	-2.074280e+000 	 
7.313519e+002 	-2.071838e+000 	 
7.312634e+002 	-2.071838e+000 	 
7.311749e+002 	-2.071533e+000 	 
7.310864e+002 	-2.071838e+000 	 
7.309979e+002 	-2.070618e+000 	 
7.309094e+002 	-2.070618e+000 	 
7.308209e+002 	-2.070923e+000 	 
7.307324e+002 	-2.072449e+000 	 
7.306439e+002 	-2.071838e+000 	 
7.305554e+002 	-2.070618e+000 	 
7.304669e+002 	-2.071838e+000 	 
7.303784e+002 	-2.071838e+000 	 
7.302899e+002 	-2.073059e+000 	 
7.302014e+002 	-2.073059e+000 	 
7.301129e+002 	-2.072754e+000 	 
7.300244e+002 	-2.073975e+000 	 
7.299359e+002 	-2.073669e+000 	 
7.298474e+002 	-2.072754e+000 	 
7.297589e+002 	-2.073975e+000 	 
7.296704e+002 	-2.073669e+000 	 
7.295819e+002 	-2.072754e+000 	 
7.294934e+002 	-2.073364e+000 	 
7.294049e+002 	-2.074280e+000 	 
7.293164e+002 	-2.072754e+000 	 
7.292279e+002 	-2.073364e+000 	 
7.291394e+002 	-2.073669e+000 	 
7.290509e+002 	-2.071533e+000 	 
7.289624e+002 	-2.071533e+000 	 
7.288739e+002 	-2.073669e+000 	 
7.287854e+002 	-2.073669e+000 	 
7.286970e+002 	-2.072449e+000 	 
7.286085e+002 	-2.075195e+000 	 
7.285200e+002 	-2.073059e+000 	 
7.284315e+002 	-2.072144e+000 	 
7.283430e+002 	-2.073669e+000 	 
7.282545e+002 	-2.073669e+000 	 
7.281660e+002 	-2.074280e+000 	 
7.280775e+002 	-2.072449e+000 	 
7.279890e+002 	-2.072449e+000 	 
7.279005e+002 	-2.072449e+000 	 
7.278120e+002 	-2.071838e+000 	 
7.277234e+002 	-2.074280e+000 	 
7.276349e+002 	-2.073059e+000 	 
7.275464e+002 	-2.073669e+000 	 
7.274579e+002 	-2.073364e+000 	 
7.273694e+002 	-2.073059e+000 	 
7.272809e+002 	-2.072754e+000 	 
7.271924e+002 	-2.073669e+000 	 
7.271039e+002 	-2.073669e+000 	 
7.270155e+002 	-2.074280e+000 	 
7.269270e+002 	-2.074585e+000 	 
7.268385e+002 	-2.073975e+000 	 
7.267500e+002 	-2.074585e+000 	 
7.266615e+002 	-2.075195e+000 	 
7.265730e+002 	-2.073975e+000 	 
7.264845e+002 	-2.074890e+000 	 
7.263960e+002 	-2.075195e+000 	 
7.263075e+002 	-2.074890e+000 	 
7.262190e+002 	-2.076416e+000 	 
7.261305e+002 	-2.074280e+000 	 
7.260420e+002 	-2.075195e+000 	 
7.259535e+002 	-2.074585e+000 	 
7.258650e+002 	-2.074280e+000 	 
7.257765e+002 	-2.073364e+000 	 
7.256880e+002 	-2.074585e+000 	 
7.255995e+002 	-2.073669e+000 	 
7.255110e+002 	-2.075500e+000 	 
7.254225e+002 	-2.073364e+000 	 
7.253340e+002 	-2.074280e+000 	 
7.252455e+002 	-2.074890e+000 	 
7.251570e+002 	-2.074280e+000 	 
7.250685e+002 	-2.074890e+000 	 
7.249800e+002 	-2.073669e+000 	 
7.248915e+002 	-2.074890e+000 	 
7.248030e+002 	-2.074280e+000 	 
7.247145e+002 	-2.075806e+000 	 
7.246260e+002 	-2.075806e+000 	 
7.245375e+002 	-2.073669e+000 	 
7.244490e+002 	-2.075806e+000 	 
7.243605e+002 	-2.074890e+000 	 
7.242720e+002 	-2.074280e+000 	 
7.241835e+002 	-2.075195e+000 	 
7.240950e+002 	-2.075195e+000 	 
7.240065e+002 	-2.075500e+000 	 
7.239180e+002 	-2.072754e+000 	 
7.238295e+002 	-2.076416e+000 	 
7.237410e+002 	-2.075500e+000 	 
7.236526e+002 	-2.073364e+000 	 
7.235641e+002 	-2.073669e+000 	 
7.234756e+002 	-2.074280e+000 	 
7.233871e+002 	-2.075806e+000 	 
7.232986e+002 	-2.074585e+000 	 
7.232101e+002 	-2.073364e+000 	 
7.231216e+002 	-2.075500e+000 	 
7.230331e+002 	-2.077637e+000 	 
7.229446e+002 	-2.074280e+000 	 
7.228561e+002 	-2.073364e+000 	 
7.227676e+002 	-2.073059e+000 	 
7.226791e+002 	-2.073059e+000 	 
7.225906e+002 	-2.073059e+000 	 
7.225021e+002 	-2.074890e+000 	 
7.224136e+002 	-2.072754e+000 	 
7.223251e+002 	-2.073669e+000 	 
7.222366e+002 	-2.075500e+000 	 
7.221481e+002 	-2.073975e+000 	 
7.220596e+002 	-2.074585e+000 	 
7.219711e+002 	-2.073364e+000 	 
7.218826e+002 	-2.073975e+000 	 
7.217941e+002 	-2.074890e+000 	 
7.217056e+002 	-2.073059e+000 	 
7.216171e+002 	-2.075806e+000 	 
7.215286e+002 	-2.074585e+000 	 
7.214401e+002 	-2.073975e+000 	 
7.213516e+002 	-2.073975e+000 	 
7.212631e+002 	-2.076416e+000 	 
7.211746e+002 	-2.073364e+000 	 
7.210861e+002 	-2.075500e+000 	 
7.209976e+002 	-2.075500e+000 	 
7.209091e+002 	-2.075806e+000 	 
7.208206e+002 	-2.074280e+000 	 
7.207321e+002 	-2.075195e+000 	 
7.206436e+002 	-2.075806e+000 	 
7.205551e+002 	-2.075195e+000 	 
7.204666e+002 	-2.074585e+000 	 
7.203781e+002 	-2.075806e+000 	 
7.202896e+002 	-2.076111e+000 	 
7.202012e+002 	-2.077332e+000 	 
7.201127e+002 	-2.076111e+000 	 
7.200242e+002 	-2.075195e+000 	 
7.199357e+002 	-2.077332e+000 	 
7.198472e+002 	-2.075500e+000 	 
7.197587e+002 	-2.075195e+000 	 
7.196702e+002 	-2.073364e+000 	 
7.195817e+002 	-2.075195e+000 	 
7.194932e+002 	-2.074585e+000 	 
7.194047e+002 	-2.076416e+000 	 
7.193162e+002 	-2.076721e+000 	 
7.192277e+002 	-2.076721e+000 	 
7.191392e+002 	-2.076721e+000 	 
7.190507e+002 	-2.076416e+000 	 
7.189622e+002 	-2.076721e+000 	 
7.188737e+002 	-2.077637e+000 	 
7.187852e+002 	-2.075806e+000 	 
7.186967e+002 	-2.074890e+000 	 
7.186082e+002 	-2.077942e+000 	 
7.185197e+002 	-2.075806e+000 	 
7.184312e+002 	-2.076111e+000 	 
7.183427e+002 	-2.075500e+000 	 
7.182542e+002 	-2.077026e+000 	 
7.181657e+002 	-2.076721e+000 	 
7.180772e+002 	-2.077026e+000 	 
7.179887e+002 	-2.074890e+000 	 
7.179002e+002 	-2.077637e+000 	 
7.178117e+002 	-2.076111e+000 	 
7.177232e+002 	-2.076111e+000 	 
7.176347e+002 	-2.075806e+000 	 
7.175462e+002 	-2.074280e+000 	 
7.174577e+002 	-2.074280e+000 	 
7.173692e+002 	-2.075500e+000 	 
7.172807e+002 	-2.075195e+000 	 
7.171922e+002 	-2.075500e+000 	 
7.171037e+002 	-2.077026e+000 	 
7.170152e+002 	-2.076721e+000 	 
7.169267e+002 	-2.077026e+000 	 
7.168383e+002 	-2.076111e+000 	 
7.167498e+002 	-2.075500e+000 	 
7.166613e+002 	-2.074890e+000 	 
7.165728e+002 	-2.074280e+000 	 
7.164843e+002 	-2.074890e+000 	 
7.163958e+002 	-2.074585e+000 	 
7.163073e+002 	-2.074585e+000 	 
7.162188e+002 	-2.073975e+000 	 
7.161302e+002 	-2.073669e+000 	 
7.160417e+002 	-2.074890e+000 	 
7.159532e+002 	-2.073975e+000 	 
7.158647e+002 	-2.073669e+000 	 
7.157762e+002 	-2.077942e+000 	 
7.156877e+002 	-2.075195e+000 	 
7.155992e+002 	-2.075195e+000 	 
7.155107e+002 	-2.075500e+000 	 
7.154222e+002 	-2.074280e+000 	 
7.153337e+002 	-2.074280e+000 	 
7.152452e+002 	-2.071838e+000 	 
7.151567e+002 	-2.073669e+000 	 
7.150683e+002 	-2.076111e+000 	 
7.149798e+002 	-2.076416e+000 	 
7.148913e+002 	-2.074585e+000 	 
7.148028e+002 	-2.073975e+000 	 
7.147143e+002 	-2.075500e+000 	 
7.146258e+002 	-2.074890e+000 	 
7.145373e+002 	-2.075500e+000 	 
7.144488e+002 	-2.074890e+000 	 
7.143603e+002 	-2.075500e+000 	 
7.142718e+002 	-2.076721e+000 	 
7.141833e+002 	-2.076111e+000 	 
7.140948e+002 	-2.074890e+000 	 
7.140063e+002 	-2.077026e+000 	 
7.139178e+002 	-2.075500e+000 	 
7.138293e+002 	-2.073975e+000 	 
7.137408e+002 	-2.074585e+000 	 
7.136523e+002 	-2.073975e+000 	 
7.135638e+002 	-2.074890e+000 	 
7.134753e+002 	-2.073669e+000 	 
7.133868e+002 	-2.073669e+000 	 
7.132983e+002 	-2.075195e+000 	 
7.132098e+002 	-2.075500e+000 	 
7.131213e+002 	-2.076721e+000 	 
7.130328e+002 	-2.074890e+000 	 
7.129443e+002 	-2.073669e+000 	 
7.128558e+002 	-2.075806e+000 	 
7.127673e+002 	-2.075195e+000 	 
7.126788e+002 	-2.076111e+000 	 
7.125903e+002 	-2.075500e+000 	 
7.125018e+002 	-2.074890e+000 	 
7.124133e+002 	-2.075500e+000 	 
7.123248e+002 	-2.077942e+000 	 
7.122363e+002 	-2.074890e+000 	 
7.121478e+002 	-2.076111e+000 	 
7.120593e+002 	-2.076111e+000 	 
7.119708e+002 	-2.076721e+000 	 
7.118823e+002 	-2.075806e+000 	 
7.117938e+002 	-2.076111e+000 	 
7.117054e+002 	-2.077332e+000 	 
7.116169e+002 	-2.075806e+000 	 
7.115284e+002 	-2.077332e+000 	 
7.114399e+002 	-2.077942e+000 	 
7.113514e+002 	-2.075500e+000 	 
7.112629e+002 	-2.075806e+000 	 
7.111744e+002 	-2.076416e+000 	 
7.110859e+002 	-2.077942e+000 	 
7.109974e+002 	-2.076111e+000 	 
7.109089e+002 	-2.078552e+000 	 
7.108204e+002 	-2.075806e+000 	 
7.107319e+002 	-2.075195e+000 	 
7.106434e+002 	-2.076111e+000 	 
7.105549e+002 	-2.077332e+000 	 
7.104664e+002 	-2.075500e+000 	 
7.103779e+002 	-2.077026e+000 	 
7.102894e+002 	-2.076721e+000 	 
7.102009e+002 	-2.075195e+000 	 
7.101124e+002 	-2.077026e+000 	 
7.100239e+002 	-2.077026e+000 	 
7.099354e+002 	-2.075806e+000 	 
7.098469e+002 	-2.077637e+000 	 
7.097584e+002 	-2.078247e+000 	 
7.096699e+002 	-2.077332e+000 	 
7.095814e+002 	-2.077332e+000 	 
7.094929e+002 	-2.077332e+000 	 
7.094044e+002 	-2.073669e+000 	 
7.093159e+002 	-2.076416e+000 	 
7.092274e+002 	-2.077026e+000 	 
7.091389e+002 	-2.077332e+000 	 
7.090504e+002 	-2.077026e+000 	 
7.089619e+002 	-2.075195e+000 	 
7.088734e+002 	-2.078247e+000 	 
7.087849e+002 	-2.077026e+000 	 
7.086964e+002 	-2.077637e+000 	 
7.086079e+002 	-2.076721e+000 	 
7.085194e+002 	-2.079163e+000 	 
7.084309e+002 	-2.078247e+000 	 
7.083424e+002 	-2.077637e+000 	 
7.082540e+002 	-2.079163e+000 	 
7.081655e+002 	-2.078857e+000 	 
7.080770e+002 	-2.077026e+000 	 
7.079885e+002 	-2.075500e+000 	 
7.079000e+002 	-2.077332e+000 	 
7.078115e+002 	-2.078247e+000 	 
7.077230e+002 	-2.075806e+000 	 
7.076345e+002 	-2.076111e+000 	 
7.075460e+002 	-2.075806e+000 	 
7.074575e+002 	-2.077332e+000 	 
7.073690e+002 	-2.077026e+000 	 
7.072805e+002 	-2.076721e+000 	 
7.071920e+002 	-2.074890e+000 	 
7.071035e+002 	-2.077332e+000 	 
7.070150e+002 	-2.078247e+000 	 
7.069265e+002 	-2.077942e+000 	 
7.068380e+002 	-2.076416e+000 	 
7.067495e+002 	-2.076416e+000 	 
7.066609e+002 	-2.076416e+000 	 
7.065725e+002 	-2.076416e+000 	 
7.064840e+002 	-2.076416e+000 	 
7.063955e+002 	-2.076721e+000 	 
7.063070e+002 	-2.076416e+000 	 
7.062185e+002 	-2.076111e+000 	 
7.061300e+002 	-2.077637e+000 	 
7.060415e+002 	-2.076416e+000 	 
7.059530e+002 	-2.076416e+000 	 
7.058645e+002 	-2.075806e+000 	 
7.057760e+002 	-2.078247e+000 	 
7.056875e+002 	-2.075806e+000 	 
7.055990e+002 	-2.077026e+000 	 
7.055105e+002 	-2.078552e+000 	 
7.054220e+002 	-2.076721e+000 	 
7.053335e+002 	-2.077942e+000 	 
7.052450e+002 	-2.076721e+000 	 
7.051565e+002 	-2.076721e+000 	 
7.050680e+002 	-2.075806e+000 	 
7.049795e+002 	-2.076721e+000 	 
7.048911e+002 	-2.077026e+000 	 
7.048026e+002 	-2.078857e+000 	 
7.047141e+002 	-2.077332e+000 	 
7.046255e+002 	-2.077942e+000 	 
7.045370e+002 	-2.077332e+000 	 
7.044485e+002 	-2.076416e+000 	 
7.043600e+002 	-2.077942e+000 	 
7.042715e+002 	-2.076416e+000 	 
7.041830e+002 	-2.076416e+000 	 
7.040945e+002 	-2.075806e+000 	 
7.040060e+002 	-2.077637e+000 	 
7.039175e+002 	-2.076721e+000 	 
7.038290e+002 	-2.077332e+000 	 
7.037405e+002 	-2.079163e+000 	 
7.036520e+002 	-2.075195e+000 	 
7.035635e+002 	-2.076111e+000 	 
7.034750e+002 	-2.077026e+000 	 
7.033865e+002 	-2.077637e+000 	 
7.032980e+002 	-2.076111e+000 	 
7.032096e+002 	-2.076416e+000 	 
7.031211e+002 	-2.076111e+000 	 
7.030326e+002 	-2.076721e+000 	 
7.029441e+002 	-2.075500e+000 	 
7.028556e+002 	-2.079468e+000 	 
7.027671e+002 	-2.081299e+000 	 
7.026786e+002 	-2.080994e+000 	 
7.025901e+002 	-2.079773e+000 	 
7.025016e+002 	-2.077637e+000 	 
7.024131e+002 	-2.078247e+000 	 
7.023246e+002 	-2.076416e+000 	 
7.022361e+002 	-2.076111e+000 	 
7.021476e+002 	-2.075195e+000 	 
7.020591e+002 	-2.073975e+000 	 
7.019706e+002 	-2.073975e+000 	 
7.018821e+002 	-2.073669e+000 	 
7.017936e+002 	-2.078247e+000 	 
7.017051e+002 	-2.078552e+000 	 
7.016166e+002 	-2.078247e+000 	 
7.015281e+002 	-2.076416e+000 	 
7.014396e+002 	-2.076416e+000 	 
7.013511e+002 	-2.074890e+000 	 
7.012626e+002 	-2.074280e+000 	 
7.011741e+002 	-2.073364e+000 	 
7.010856e+002 	-2.072449e+000 	 
7.009971e+002 	-2.071228e+000 	 
7.009086e+002 	-2.071533e+000 	 
7.008201e+002 	-2.073364e+000 	 
7.007316e+002 	-2.076416e+000 	 
7.006431e+002 	-2.075500e+000 	 
7.005546e+002 	-2.073975e+000 	 
7.004661e+002 	-2.072754e+000 	 
7.003776e+002 	-2.072449e+000 	 
7.002891e+002 	-2.071228e+000 	 
7.002006e+002 	-2.070618e+000 	 
7.001121e+002 	-2.069397e+000 	 
7.000236e+002 	-2.068787e+000 	 
6.999351e+002 	-2.067871e+000 	 
6.998466e+002 	-2.066650e+000 	 
6.997582e+002 	-2.065735e+000 	 
6.996697e+002 	-2.068176e+000 	 
6.995812e+002 	-2.070618e+000 	 
6.994927e+002 	-2.070313e+000 	 
6.994042e+002 	-2.069092e+000 	 
6.993157e+002 	-2.068176e+000 	 
6.992272e+002 	-2.066956e+000 	 
6.991387e+002 	-2.066040e+000 	 
6.990502e+002 	-2.065125e+000 	 
6.989617e+002 	-2.064209e+000 	 
6.988732e+002 	-2.063904e+000 	 
6.987847e+002 	-2.062988e+000 	 
6.986962e+002 	-2.062683e+000 	 
6.986077e+002 	-2.061462e+000 	 
6.985192e+002 	-2.060547e+000 	 
6.984307e+002 	-2.059631e+000 	 
6.983422e+002 	-2.059021e+000 	 
6.982537e+002 	-2.057800e+000 	 
6.981652e+002 	-2.056580e+000 	 
6.980767e+002 	-2.055969e+000 	 
6.979882e+002 	-2.054749e+000 	 
6.978997e+002 	-2.053223e+000 	 
6.978112e+002 	-2.052002e+000 	 
6.977227e+002 	-2.051697e+000 	 
6.976342e+002 	-2.050476e+000 	 
6.975457e+002 	-2.049866e+000 	 
6.974572e+002 	-2.048950e+000 	 
6.973687e+002 	-2.048035e+000 	 
6.972802e+002 	-2.047424e+000 	 
6.971917e+002 	-2.046814e+000 	 
6.971032e+002 	-2.045288e+000 	 
6.970147e+002 	-2.044678e+000 	 
6.969262e+002 	-2.043152e+000 	 
6.968377e+002 	-2.041931e+000 	 
6.967492e+002 	-2.041931e+000 	 
6.966607e+002 	-2.047729e+000 	 
6.965722e+002 	-2.047119e+000 	 
6.964837e+002 	-2.046204e+000 	 
6.963953e+002 	-2.044983e+000 	 
6.963068e+002 	-2.044678e+000 	 
6.962183e+002 	-2.043457e+000 	 
6.961298e+002 	-2.043152e+000 	 
6.960413e+002 	-2.041931e+000 	 
6.959528e+002 	-2.041016e+000 	 
6.958643e+002 	-2.039795e+000 	 
6.957758e+002 	-2.039185e+000 	 
6.956873e+002 	-2.037659e+000 	 
6.955988e+002 	-2.036743e+000 	 
6.955103e+002 	-2.036438e+000 	 
6.954218e+002 	-2.035522e+000 	 
6.953333e+002 	-2.034912e+000 	 
6.952448e+002 	-2.033691e+000 	 
6.951563e+002 	-2.032166e+000 	 
6.950677e+002 	-2.031555e+000 	 
6.949792e+002 	-2.030334e+000 	 
6.948907e+002 	-2.029724e+000 	 
6.948022e+002 	-2.028809e+000 	 
6.947138e+002 	-2.028198e+000 	 
6.946253e+002 	-2.026978e+000 	 
6.945368e+002 	-2.025757e+000 	 
6.944483e+002 	-2.024841e+000 	 
6.943598e+002 	-2.024231e+000 	 
6.942713e+002 	-2.023315e+000 	 
6.941828e+002 	-2.021790e+000 	 
6.940943e+002 	-2.021484e+000 	 
6.940058e+002 	-2.020874e+000 	 
6.939173e+002 	-2.019348e+000 	 
6.938288e+002 	-2.018433e+000 	 
6.937403e+002 	-2.017212e+000 	 
6.936518e+002 	-2.015991e+000 	 
6.935633e+002 	-2.014771e+000 	 
6.934748e+002 	-2.013855e+000 	 
6.933863e+002 	-2.012329e+000 	 
6.932978e+002 	-2.011719e+000 	 
6.932093e+002 	-2.011108e+000 	 
6.931208e+002 	-2.010193e+000 	 
6.930323e+002 	-2.009277e+000 	 
6.929438e+002 	-2.008667e+000 	 
6.928553e+002 	-2.007446e+000 	 
6.927668e+002 	-2.007141e+000 	 
6.926783e+002 	-2.005615e+000 	 
6.925898e+002 	-2.004700e+000 	 
6.925013e+002 	-2.003479e+000 	 
6.924128e+002 	-2.002258e+000 	 
6.923243e+002 	-2.001648e+000 	 
6.922358e+002 	-2.000122e+000 	 
6.921473e+002 	-1.999207e+000 	 
6.920588e+002 	-1.997986e+000 	 
6.919703e+002 	-1.997070e+000 	 
6.918818e+002 	-1.996460e+000 	 
6.917933e+002 	-1.994934e+000 	 
6.917048e+002 	-1.994324e+000 	 
6.916163e+002 	-1.993713e+000 	 
6.915278e+002 	-1.992493e+000 	 
6.914393e+002 	-1.991577e+000 	 
6.913508e+002 	-1.990967e+000 	 
6.912624e+002 	-1.989746e+000 	 
6.911739e+002 	-1.988831e+000 	 
6.910854e+002 	-1.987915e+000 	 
6.909969e+002 	-1.987000e+000 	 
6.909084e+002 	-1.985474e+000 	 
6.908199e+002 	-1.984863e+000 	 
6.907314e+002 	-1.983948e+000 	 
6.906429e+002 	-1.982727e+000 	 
6.905544e+002 	-1.981506e+000 	 
6.904659e+002 	-1.979980e+000 	 
6.903774e+002 	-1.979065e+000 	 
6.902889e+002 	-1.978149e+000 	 
6.902004e+002 	-1.977844e+000 	 
6.901119e+002 	-1.976318e+000 	 
6.900234e+002 	-1.975403e+000 	 
6.899349e+002 	-1.976624e+000 	 
6.898464e+002 	-1.980286e+000 	 
6.897579e+002 	-1.979675e+000 	 
6.896694e+002 	-1.978455e+000 	 
6.895809e+002 	-1.977539e+000 	 
6.894924e+002 	-1.976624e+000 	 
6.894039e+002 	-1.975403e+000 	 
6.893154e+002 	-1.973877e+000 	 
6.892269e+002 	-1.972961e+000 	 
6.891384e+002 	-1.972351e+000 	 
6.890499e+002 	-1.971741e+000 	 
6.889614e+002 	-1.971130e+000 	 
6.888729e+002 	-1.969604e+000 	 
6.887844e+002 	-1.968689e+000 	 
6.886959e+002 	-1.967773e+000 	 
6.886074e+002 	-1.966553e+000 	 
6.885189e+002 	-1.965637e+000 	 
6.884304e+002 	-1.965027e+000 	 
6.883419e+002 	-1.963806e+000 	 
6.882534e+002 	-1.962891e+000 	 
6.881649e+002 	-1.961975e+000 	 
6.880764e+002 	-1.960754e+000 	 
6.879879e+002 	-1.959839e+000 	 
6.878995e+002 	-1.958618e+000 	 
6.878110e+002 	-1.957397e+000 	 
6.877225e+002 	-1.956177e+000 	 
6.876340e+002 	-1.954956e+000 	 
6.875455e+002 	-1.954346e+000 	 
6.874570e+002 	-1.953430e+000 	 
6.873685e+002 	-1.952820e+000 	 
6.872800e+002 	-1.952209e+000 	 
6.871915e+002 	-1.950989e+000 	 
6.871030e+002 	-1.950378e+000 	 
6.870145e+002 	-1.949463e+000 	 
6.869260e+002 	-1.947937e+000 	 
6.868375e+002 	-1.946411e+000 	 
6.867490e+002 	-1.945801e+000 	 
6.866605e+002 	-1.944275e+000 	 
6.865720e+002 	-1.943054e+000 	 
6.864835e+002 	-1.941528e+000 	 
6.863950e+002 	-1.940308e+000 	 
6.863065e+002 	-1.939697e+000 	 
6.862180e+002 	-1.939087e+000 	 
6.861295e+002 	-1.938171e+000 	 
6.860410e+002 	-1.936951e+000 	 
6.859525e+002 	-1.935730e+000 	 
6.858640e+002 	-1.935120e+000 	 
6.857755e+002 	-1.934509e+000 	 
6.856870e+002 	-1.933289e+000 	 
6.855985e+002 	-1.932068e+000 	 
6.855100e+002 	-1.931152e+000 	 
6.854215e+002 	-1.930542e+000 	 
6.853330e+002 	-1.929932e+000 	 
6.852445e+002 	-1.929016e+000 	 
6.851560e+002 	-1.928101e+000 	 
6.850675e+002 	-1.926880e+000 	 
6.849790e+002 	-1.926575e+000 	 
6.848905e+002 	-1.925354e+000 	 
6.848020e+002 	-1.924133e+000 	 
6.847135e+002 	-1.923218e+000 	 
6.846250e+002 	-1.922302e+000 	 
6.845365e+002 	-1.921997e+000 	 
6.844481e+002 	-1.921082e+000 	 
6.843596e+002 	-1.920471e+000 	 
6.842711e+002 	-1.919250e+000 	 
6.841826e+002 	-1.918030e+000 	 
6.840941e+002 	-1.917114e+000 	 
6.840056e+002 	-1.916199e+000 	 
6.839171e+002 	-1.914673e+000 	 
6.838286e+002 	-1.913452e+000 	 
6.837401e+002 	-1.912231e+000 	 
6.836516e+002 	-1.911316e+000 	 
6.835630e+002 	-1.910095e+000 	 
6.834745e+002 	-1.909485e+000 	 
6.833860e+002 	-1.908875e+000 	 
6.832975e+002 	-1.908264e+000 	 
6.832090e+002 	-1.907349e+000 	 
6.831205e+002 	-1.906128e+000 	 
6.830320e+002 	-1.904602e+000 	 
6.829435e+002 	-1.903381e+000 	 
6.828550e+002 	-1.902466e+000 	 
6.827666e+002 	-1.901550e+000 	 
6.826781e+002 	-1.900940e+000 	 
6.825896e+002 	-1.899719e+000 	 
6.825011e+002 	-1.898804e+000 	 
6.824126e+002 	-1.897888e+000 	 
6.823241e+002 	-1.896667e+000 	 
6.822356e+002 	-1.896057e+000 	 
6.821471e+002 	-1.895142e+000 	 
6.820586e+002 	-1.893921e+000 	 
6.819701e+002 	-1.893005e+000 	 
6.818816e+002 	-1.891174e+000 	 
6.817931e+002 	-1.890869e+000 	 
6.817046e+002 	-1.889343e+000 	 
6.816161e+002 	-1.888428e+000 	 
6.815276e+002 	-1.887512e+000 	 
6.814391e+002 	-1.885681e+000 	 
6.813506e+002 	-1.885376e+000 	 
6.812621e+002 	-1.884460e+000 	 
6.811736e+002 	-1.883240e+000 	 
6.810851e+002 	-1.882935e+000 	 
6.809966e+002 	-1.882019e+000 	 
6.809081e+002 	-1.880798e+000 	 
6.808196e+002 	-1.879272e+000 	 
6.807311e+002 	-1.879272e+000 	 
6.806426e+002 	-1.877747e+000 	 
6.805541e+002 	-1.876831e+000 	 
6.804656e+002 	-1.875610e+000 	 
6.803771e+002 	-1.874695e+000 	 
6.802886e+002 	-1.874390e+000 	 
6.802001e+002 	-1.872864e+000 	 
6.801116e+002 	-1.872253e+000 	 
6.800231e+002 	-1.871033e+000 	 
6.799346e+002 	-1.870117e+000 	 
6.798461e+002 	-1.869202e+000 	 
6.797576e+002 	-1.867371e+000 	 
6.796691e+002 	-1.866760e+000 	 
6.795806e+002 	-1.865540e+000 	 
6.794921e+002 	-1.864929e+000 	 
6.794037e+002 	-1.863403e+000 	 
6.793152e+002 	-1.862793e+000 	 
6.792267e+002 	-1.862183e+000 	 
6.791382e+002 	-1.861267e+000 	 
6.790497e+002 	-1.860046e+000 	 
6.789612e+002 	-1.859436e+000 	 
6.788727e+002 	-1.858215e+000 	 
6.787842e+002 	-1.857605e+000 	 
6.786957e+002 	-1.856384e+000 	 
6.786072e+002 	-1.855774e+000 	 
6.785187e+002 	-1.854858e+000 	 
6.784302e+002 	-1.853027e+000 	 
6.783417e+002 	-1.852417e+000 	 
6.782532e+002 	-1.851501e+000 	 
6.781647e+002 	-1.850281e+000 	 
6.780762e+002 	-1.850281e+000 	 
6.779877e+002 	-1.849365e+000 	 
6.778992e+002 	-1.848145e+000 	 
6.778107e+002 	-1.846619e+000 	 
6.777222e+002 	-1.845093e+000 	 
6.776337e+002 	-1.844177e+000 	 
6.775452e+002 	-1.843872e+000 	 
6.774567e+002 	-1.843567e+000 	 
6.773682e+002 	-1.842651e+000 	 
6.772797e+002 	-1.841736e+000 	 
6.771912e+002 	-1.840820e+000 	 
6.771027e+002 	-1.838989e+000 	 
6.770142e+002 	-1.837769e+000 	 
6.769257e+002 	-1.836548e+000 	 
6.768372e+002 	-1.835632e+000 	 
6.767487e+002 	-1.834412e+000 	 
6.766602e+002 	-1.833496e+000 	 
6.765717e+002 	-1.832581e+000 	 
6.764832e+002 	-1.831360e+000 	 
6.763947e+002 	-1.830444e+000 	 
6.763062e+002 	-1.829224e+000 	 
6.762177e+002 	-1.828918e+000 	 
6.761292e+002 	-1.828003e+000 	 
6.760407e+002 	-1.827087e+000 	 
6.759523e+002 	-1.825867e+000 	 
6.758638e+002 	-1.824646e+000 	 
6.757753e+002 	-1.822815e+000 	 
6.756868e+002 	-1.822510e+000 	 
6.755983e+002 	-1.821594e+000 	 
6.755098e+002 	-1.820679e+000 	 
6.754213e+002 	-1.819458e+000 	 
6.753328e+002 	-1.818542e+000 	 
6.752443e+002 	-1.817322e+000 	 
6.751558e+002 	-1.815796e+000 	 
6.750673e+002 	-1.815186e+000 	 
6.749788e+002 	-1.814575e+000 	 
6.748903e+002 	-1.813660e+000 	 
6.748018e+002 	-1.813049e+000 	 
6.747133e+002 	-1.811829e+000 	 
6.746248e+002 	-1.810913e+000 	 
6.745363e+002 	-1.810303e+000 	 
6.744478e+002 	-1.809082e+000 	 
6.743593e+002 	-1.807861e+000 	 
6.742708e+002 	-1.806335e+000 	 
6.741823e+002 	-1.806030e+000 	 
6.740938e+002 	-1.804810e+000 	 
6.740053e+002 	-1.804199e+000 	 
6.739168e+002 	-1.803284e+000 	 
6.738283e+002 	-1.802368e+000 	 
6.737398e+002 	-1.800842e+000 	 
6.736513e+002 	-1.800232e+000 	 
6.735628e+002 	-1.799011e+000 	 
6.734743e+002 	-1.798096e+000 	 
6.733858e+002 	-1.796875e+000 	 
6.732973e+002 	-1.795959e+000 	 
6.732088e+002 	-1.794739e+000 	 
6.731203e+002 	-1.794128e+000 	 
6.730318e+002 	-1.793213e+000 	 
6.729433e+002 	-1.792297e+000 	 
6.728548e+002 	-1.791077e+000 	 
6.727663e+002 	-1.790161e+000 	 
6.726778e+002 	-1.788635e+000 	 
6.725894e+002 	-1.787720e+000 	 
6.725009e+002 	-1.786499e+000 	 
6.724124e+002 	-1.785583e+000 	 
6.723239e+002 	-1.784363e+000 	 
6.722354e+002 	-1.783752e+000 	 
6.721469e+002 	-1.783142e+000 	 
6.720583e+002 	-1.781616e+000 	 
6.719698e+002 	-1.781006e+000 	 
6.718813e+002 	-1.780396e+000 	 
6.717928e+002 	-1.779785e+000 	 
6.717043e+002 	-1.778259e+000 	 
6.716158e+002 	-1.777344e+000 	 
6.715273e+002 	-1.776428e+000 	 
6.714388e+002 	-1.775818e+000 	 
6.713503e+002 	-1.774902e+000 	 
6.712618e+002 	-1.773376e+000 	 
6.711733e+002 	-1.772461e+000 	 
6.710848e+002 	-1.771851e+000 	 
6.709963e+002 	-1.770630e+000 	 
6.709078e+002 	-1.770020e+000 	 
6.708194e+002 	-1.769104e+000 	 
6.707309e+002 	-1.767883e+000 	 
6.706424e+002 	-1.766357e+000 	 
6.705539e+002 	-1.765747e+000 	 
6.704654e+002 	-1.764832e+000 	 
6.703769e+002 	-1.763306e+000 	 
6.702884e+002 	-1.762085e+000 	 
6.701999e+002 	-1.761169e+000 	 
6.701114e+002 	-1.760559e+000 	 
6.700229e+002 	-1.759033e+000 	 
6.699344e+002 	-1.758423e+000 	 
6.698459e+002 	-1.756897e+000 	 
6.697574e+002 	-1.755981e+000 	 
6.696689e+002 	-1.753845e+000 	 
6.695804e+002 	-1.753540e+000 	 
6.694919e+002 	-1.752930e+000 	 
6.694034e+002 	-1.751404e+000 	 
6.693149e+002 	-1.750183e+000 	 
6.692264e+002 	-1.749268e+000 	 
6.691379e+002 	-1.748047e+000 	 
6.690494e+002 	-1.746826e+000 	 
6.689609e+002 	-1.745911e+000 	 
6.688724e+002 	-1.744690e+000 	 
6.687839e+002 	-1.743774e+000 	 
6.686954e+002 	-1.742554e+000 	 
6.686069e+002 	-1.742249e+000 	 
6.685184e+002 	-1.741638e+000 	 
6.684299e+002 	-1.741028e+000 	 
6.683414e+002 	-1.739502e+000 	 
6.682529e+002 	-1.737976e+000 	 
6.681644e+002 	-1.737671e+000 	 
6.680759e+002 	-1.736755e+000 	 
6.679874e+002 	-1.735840e+000 	 
6.678989e+002 	-1.734314e+000 	 
6.678104e+002 	-1.733093e+000 	 
6.677219e+002 	-1.732483e+000 	 
6.676334e+002 	-1.731262e+000 	 
6.675449e+002 	-1.730347e+000 	 
6.674565e+002 	-1.730042e+000 	 
6.673680e+002 	-1.728516e+000 	 
6.672795e+002 	-1.727600e+000 	 
6.671910e+002 	-1.726379e+000 	 
6.671025e+002 	-1.725769e+000 	 
6.670140e+002 	-1.724854e+000 	 
6.669255e+002 	-1.723938e+000 	 
6.668370e+002 	-1.722717e+000 	 
6.667485e+002 	-1.725159e+000 	 
6.666600e+002 	-1.724548e+000 	 
6.665715e+002 	-1.723328e+000 	 
6.664830e+002 	-1.722717e+000 	 
6.663945e+002 	-1.722107e+000 	 
6.663060e+002 	-1.721802e+000 	 
6.662175e+002 	-1.720581e+000 	 
6.661290e+002 	-1.719360e+000 	 
6.660405e+002 	-1.718445e+000 	 
6.659520e+002 	-1.717529e+000 	 
6.658635e+002 	-1.716614e+000 	 
6.657750e+002 	-1.715393e+000 	 
6.656865e+002 	-1.714478e+000 	 
6.655980e+002 	-1.713867e+000 	 
6.655095e+002 	-1.712646e+000 	 
6.654210e+002 	-1.711731e+000 	 
6.653325e+002 	-1.710510e+000 	 
6.652440e+002 	-1.709290e+000 	 
6.651555e+002 	-1.708679e+000 	 
6.650670e+002 	-1.707458e+000 	 
6.649785e+002 	-1.706543e+000 	 
6.648900e+002 	-1.704712e+000 	 
6.648015e+002 	-1.704407e+000 	 
6.647130e+002 	-1.703186e+000 	 
6.646245e+002 	-1.702576e+000 	 
6.645360e+002 	-1.701660e+000 	 
6.644475e+002 	-1.700439e+000 	 
6.643590e+002 	-1.698914e+000 	 
6.642705e+002 	-1.697693e+000 	 
6.641820e+002 	-1.697083e+000 	 
6.640935e+002 	-1.695862e+000 	 
6.640051e+002 	-1.694946e+000 	 
6.639166e+002 	-1.693726e+000 	 
6.638281e+002 	-1.692505e+000 	 
6.637396e+002 	-1.691589e+000 	 
6.636511e+002 	-1.690674e+000 	 
6.635626e+002 	-1.690063e+000 	 
6.634741e+002 	-1.688538e+000 	 
6.633856e+002 	-1.687927e+000 	 
6.632971e+002 	-1.686401e+000 	 
6.632086e+002 	-1.684875e+000 	 
6.631201e+002 	-1.684875e+000 	 
6.630316e+002 	-1.683655e+000 	 
6.629431e+002 	-1.682129e+000 	 
6.628546e+002 	-1.681519e+000 	 
6.627661e+002 	-1.680603e+000 	 
6.626776e+002 	-1.679688e+000 	 
6.625891e+002 	-1.678467e+000 	 
6.625005e+002 	-1.677551e+000 	 
6.624120e+002 	-1.676941e+000 	 
6.623236e+002 	-1.675720e+000 	 
6.622351e+002 	-1.674500e+000 	 
6.621466e+002 	-1.673279e+000 	 
6.620581e+002 	-1.672058e+000 	 
6.619696e+002 	-1.671143e+000 	 
6.618811e+002 	-1.670227e+000 	 
6.617926e+002 	-1.669922e+000 	 
6.617041e+002 	-1.668701e+000 	 
6.616156e+002 	-1.667786e+000 	 
6.615271e+002 	-1.666870e+000 	 
6.614386e+002 	-1.665039e+000 	 
6.613501e+002 	-1.664429e+000 	 
6.612616e+002 	-1.662903e+000 	 
6.611731e+002 	-1.661682e+000 	 
6.610846e+002 	-1.661072e+000 	 
6.609961e+002 	-1.659546e+000 	 
6.609076e+002 	-1.658936e+000 	 
6.608191e+002 	-1.658325e+000 	 
6.607306e+002 	-1.657715e+000 	 
6.606422e+002 	-1.656494e+000 	 
6.605536e+002 	-1.655579e+000 	 
6.604651e+002 	-1.654663e+000 	 
6.603766e+002 	-1.653442e+000 	 
6.602881e+002 	-1.652222e+000 	 
6.601996e+002 	-1.651306e+000 	 
6.601111e+002 	-1.649780e+000 	 
6.600226e+002 	-1.648560e+000 	 
6.599341e+002 	-1.647644e+000 	 
6.598456e+002 	-1.647034e+000 	 
6.597571e+002 	-1.645813e+000 	 
6.596686e+002 	-1.644897e+000 	 
6.595801e+002 	-1.643982e+000 	 
6.594916e+002 	-1.642456e+000 	 
6.594031e+002 	-1.640930e+000 	 
6.593146e+002 	-1.640015e+000 	 
6.592261e+002 	-1.639099e+000 	 
6.591376e+002 	-1.638489e+000 	 
6.590491e+002 	-1.637268e+000 	 
6.589607e+002 	-1.636353e+000 	 
6.588722e+002 	-1.635437e+000 	 
6.587837e+002 	-1.634827e+000 	 
6.586952e+002 	-1.633301e+000 	 
6.586067e+002 	-1.632690e+000 	 
6.585182e+002 	-1.630859e+000 	 
6.584297e+002 	-1.629639e+000 	 
6.583412e+002 	-1.628418e+000 	 
6.582527e+002 	-1.627197e+000 	 
6.581642e+002 	-1.625671e+000 	 
6.580757e+002 	-1.625366e+000 	 
6.579872e+002 	-1.624451e+000 	 
6.578987e+002 	-1.623230e+000 	 
6.578102e+002 	-1.622620e+000 	 
6.577217e+002 	-1.621399e+000 	 
6.576332e+002 	-1.620789e+000 	 
6.575447e+002 	-1.619568e+000 	 
6.574562e+002 	-1.618042e+000 	 
6.573677e+002 	-1.616211e+000 	 
6.572792e+002 	-1.615295e+000 	 
6.571907e+002 	-1.614075e+000 	 
6.571022e+002 	-1.613159e+000 	 
6.570137e+002 	-1.612244e+000 	 
6.569252e+002 	-1.611328e+000 	 
6.568367e+002 	-1.610413e+000 	 
6.567482e+002 	-1.609497e+000 	 
6.566597e+002 	-1.608582e+000 	 
6.565712e+002 	-1.607666e+000 	 
6.564827e+002 	-1.607056e+000 	 
6.563942e+002 	-1.605225e+000 	 
6.563057e+002 	-1.604309e+000 	 
6.562172e+002 	-1.603699e+000 	 
6.561287e+002 	-1.602478e+000 	 
6.560402e+002 	-1.601563e+000 	 
6.559517e+002 	-1.600647e+000 	 
6.558632e+002 	-1.599121e+000 	 
6.557747e+002 	-1.598511e+000 	 
6.556862e+002 	-1.597290e+000 	 
6.555977e+002 	-1.596375e+000 	 
6.555093e+002 	-1.595459e+000 	 
6.554208e+002 	-1.594849e+000 	 
6.553323e+002 	-1.593323e+000 	 
6.552438e+002 	-1.592102e+000 	 
6.551553e+002 	-1.591187e+000 	 
6.550668e+002 	-1.590271e+000 	 
6.549783e+002 	-1.589355e+000 	 
6.548898e+002 	-1.587830e+000 	 
6.548013e+002 	-1.587219e+000 	 
6.547128e+002 	-1.586609e+000 	 
6.546243e+002 	-1.585388e+000 	 
6.545358e+002 	-1.584778e+000 	 
6.544473e+002 	-1.584167e+000 	 
6.543588e+002 	-1.582947e+000 	 
6.542703e+002 	-1.581726e+000 	 
6.541818e+002 	-1.581116e+000 	 
6.540933e+002 	-1.580200e+000 	 
6.540048e+002 	-1.579895e+000 	 
6.539163e+002 	-1.578064e+000 	 
6.538278e+002 	-1.576843e+000 	 
6.537393e+002 	-1.575928e+000 	 
6.536508e+002 	-1.575012e+000 	 
6.535623e+002 	-1.574097e+000 	 
6.534738e+002 	-1.572876e+000 	 
6.533853e+002 	-1.571960e+000 	 
6.532968e+002 	-1.570740e+000 	 
6.532083e+002 	-1.570129e+000 	 
6.531198e+002 	-1.569519e+000 	 
6.530313e+002 	-1.567688e+000 	 
6.529428e+002 	-1.566467e+000 	 
6.528543e+002 	-1.564331e+000 	 
6.527658e+002 	-1.563416e+000 	 
6.526773e+002 	-1.561890e+000 	 
6.525888e+002 	-1.560669e+000 	 
6.525003e+002 	-1.559448e+000 	 
6.524118e+002 	-1.558533e+000 	 
6.523233e+002 	-1.557617e+000 	 
6.522348e+002 	-1.556702e+000 	 
6.521464e+002 	-1.555481e+000 	 
6.520579e+002 	-1.554871e+000 	 
6.519694e+002 	-1.553650e+000 	 
6.518809e+002 	-1.553040e+000 	 
6.517924e+002 	-1.551819e+000 	 
6.517039e+002 	-1.550598e+000 	 
6.516154e+002 	-1.549683e+000 	 
6.515269e+002 	-1.548767e+000 	 
6.514384e+002 	-1.548157e+000 	 
6.513499e+002 	-1.547546e+000 	 
6.512614e+002 	-1.546326e+000 	 
6.511729e+002 	-1.546021e+000 	 
6.510844e+002 	-1.545410e+000 	 
6.509958e+002 	-1.544189e+000 	 
6.509073e+002 	-1.542664e+000 	 
6.508188e+002 	-1.541748e+000 	 
6.507303e+002 	-1.540527e+000 	 
6.506418e+002 	-1.539307e+000 	 
6.505533e+002 	-1.538696e+000 	 
6.504649e+002 	-1.537170e+000 	 
6.503764e+002 	-1.536255e+000 	 
6.502879e+002 	-1.535339e+000 	 
6.501994e+002 	-1.534119e+000 	 
6.501109e+002 	-1.533508e+000 	 
6.500224e+002 	-1.532593e+000 	 
6.499339e+002 	-1.530762e+000 	 
6.498454e+002 	-1.529236e+000 	 
6.497569e+002 	-1.528625e+000 	 
6.496684e+002 	-1.527710e+000 	 
6.495799e+002 	-1.526794e+000 	 
6.494914e+002 	-1.525879e+000 	 
6.494029e+002 	-1.524963e+000 	 
6.493144e+002 	-1.523743e+000 	 
6.492259e+002 	-1.522827e+000 	 
6.491374e+002 	-1.522217e+000 	 
6.490489e+002 	-1.521606e+000 	 
6.489604e+002 	-1.521301e+000 	 
6.488719e+002 	-1.520691e+000 	 
6.487834e+002 	-1.519165e+000 	 
6.486949e+002 	-1.518250e+000 	 
6.486064e+002 	-1.516724e+000 	 
6.485179e+002 	-1.516113e+000 	 
6.484294e+002 	-1.513977e+000 	 
6.483409e+002 	-1.512756e+000 	 
6.482524e+002 	-1.511841e+000 	 
6.481639e+002 	-1.510620e+000 	 
6.480754e+002 	-1.510010e+000 	 
6.479869e+002 	-1.508789e+000 	 
6.478984e+002 	-1.507568e+000 	 
6.478099e+002 	-1.506958e+000 	 
6.477214e+002 	-1.505737e+000 	 
6.476329e+002 	-1.504517e+000 	 
6.475444e+002 	-1.502686e+000 	 
6.474559e+002 	-1.502380e+000 	 
6.473674e+002 	-1.500549e+000 	 
6.472789e+002 	-1.499329e+000 	 
6.471904e+002 	-1.498413e+000 	 
6.471019e+002 	-1.497498e+000 	 
6.470135e+002 	-1.496277e+000 	 
6.469250e+002 	-1.495667e+000 	 
6.468365e+002 	-1.494751e+000 	 
6.467480e+002 	-1.493530e+000 	 
6.466595e+002 	-1.492310e+000 	 
6.465710e+002 	-1.491394e+000 	 
6.464825e+002 	-1.490173e+000 	 
6.463940e+002 	-1.489258e+000 	 
6.463055e+002 	-1.488647e+000 	 
6.462612e+002 	-1.488647e+000 	 
6.463497e+002 	-1.489258e+000 	 
6.464382e+002 	-1.490479e+000 	 
6.465267e+002 	-1.491699e+000 	 
6.466152e+002 	-1.492615e+000 	 
6.467037e+002 	-1.493530e+000 	 
6.467922e+002 	-1.493530e+000 	 
6.468807e+002 	-1.495056e+000 	 
6.469692e+002 	-1.495972e+000 	 
6.470577e+002 	-1.497498e+000 	 
6.471462e+002 	-1.498413e+000 	 
6.472347e+002 	-1.499329e+000 	 
6.473232e+002 	-1.500549e+000 	 
6.474117e+002 	-1.502075e+000 	 
6.475002e+002 	-1.503296e+000 	 
6.475887e+002 	-1.504211e+000 	 
6.476772e+002 	-1.505127e+000 	 
6.477657e+002 	-1.506653e+000 	 
6.478542e+002 	-1.507568e+000 	 
6.479427e+002 	-1.508789e+000 	 
6.480312e+002 	-1.509399e+000 	 
6.481197e+002 	-1.510315e+000 	 
6.482082e+002 	-1.511536e+000 	 
6.482967e+002 	-1.512451e+000 	 
6.483852e+002 	-1.513367e+000 	 
6.484737e+002 	-1.513977e+000 	 
6.485622e+002 	-1.515198e+000 	 
6.486507e+002 	-1.516724e+000 	 
6.487392e+002 	-1.517639e+000 	 
6.488276e+002 	-1.518555e+000 	 
6.489161e+002 	-1.519165e+000 	 
6.490046e+002 	-1.520691e+000 	 
6.490931e+002 	-1.521912e+000 	 
6.491816e+002 	-1.522827e+000 	 
6.492701e+002 	-1.523743e+000 	 
6.493586e+002 	-1.525269e+000 	 
6.494471e+002 	-1.526184e+000 	 
6.495356e+002 	-1.526794e+000 	 
6.496241e+002 	-1.527405e+000 	 
6.497126e+002 	-1.528320e+000 	 
6.498011e+002 	-1.529541e+000 	 
6.498896e+002 	-1.530457e+000 	 
6.499781e+002 	-1.531982e+000 	 
6.500667e+002 	-1.533203e+000 	 
6.501552e+002 	-1.534119e+000 	 
6.502437e+002 	-1.534119e+000 	 
6.503322e+002 	-1.535034e+000 	 
6.504207e+002 	-1.536560e+000 	 
6.505092e+002 	-1.536255e+000 	 
6.505976e+002 	-1.537476e+000 	 
6.506861e+002 	-1.538391e+000 	 
6.507746e+002 	-1.539612e+000 	 
6.508631e+002 	-1.541748e+000 	 
6.509516e+002 	-1.542664e+000 	 
6.510401e+002 	-1.544189e+000 	 
6.511286e+002 	-1.545410e+000 	 
6.512171e+002 	-1.546326e+000 	 
6.513056e+002 	-1.546631e+000 	 
6.513941e+002 	-1.547241e+000 	 
6.514826e+002 	-1.548767e+000 	 
6.515711e+002 	-1.549377e+000 	 
6.516596e+002 	-1.550598e+000 	 
6.517481e+002 	-1.551514e+000 	 
6.518366e+002 	-1.552734e+000 	 
6.519251e+002 	-1.554260e+000 	 
6.520136e+002 	-1.555481e+000 	 
6.521021e+002 	-1.556396e+000 	 
6.521906e+002 	-1.557312e+000 	 
6.522791e+002 	-1.558838e+000 	 
6.523676e+002 	-1.559448e+000 	 
6.524561e+002 	-1.559448e+000 	 
6.525446e+002 	-1.560364e+000 	 
6.526331e+002 	-1.561279e+000 	 
6.527216e+002 	-1.562195e+000 	 
6.528101e+002 	-1.563110e+000 	 
6.528986e+002 	-1.563721e+000 	 
6.529871e+002 	-1.564636e+000 	 
6.530756e+002 	-1.565552e+000 	 
6.531641e+002 	-1.565857e+000 	 
6.532526e+002 	-1.567383e+000 	 
6.533411e+002 	-1.568604e+000 	 
6.534296e+002 	-1.570435e+000 	 
6.535181e+002 	-1.571655e+000 	 
6.536066e+002 	-1.573181e+000 	 
6.536951e+002 	-1.574402e+000 	 
6.537836e+002 	-1.575623e+000 	 
6.538721e+002 	-1.575623e+000 	 
6.539605e+002 	-1.576843e+000 	 
6.540490e+002 	-1.577148e+000 	 
6.541375e+002 	-1.578674e+000 	 
6.542260e+002 	-1.579895e+000 	 
6.543145e+002 	-1.581116e+000 	 
6.544030e+002 	-1.581726e+000 	 
6.544915e+002 	-1.583252e+000 	 
6.545800e+002 	-1.584473e+000 	 
6.546685e+002 	-1.585388e+000 	 
6.547570e+002 	-1.585693e+000 	 
6.548455e+002 	-1.586914e+000 	 
6.549340e+002 	-1.587830e+000 	 
6.550225e+002 	-1.589050e+000 	 
6.551110e+002 	-1.589661e+000 	 
6.551995e+002 	-1.590576e+000 	 
6.552880e+002 	-1.591492e+000 	 
6.553765e+002 	-1.592407e+000 	 
6.554650e+002 	-1.594238e+000 	 
6.555535e+002 	-1.594849e+000 	 
6.556420e+002 	-1.595459e+000 	 
6.557305e+002 	-1.596985e+000 	 
6.558190e+002 	-1.598511e+000 	 
6.559075e+002 	-1.599731e+000 	 
6.559960e+002 	-1.601257e+000 	 
6.560845e+002 	-1.601868e+000 	 
6.561730e+002 	-1.603088e+000 	 
6.562615e+002 	-1.604004e+000 	 
6.563500e+002 	-1.605225e+000 	 
6.564385e+002 	-1.605835e+000 	 
6.565270e+002 	-1.607056e+000 	 
6.566155e+002 	-1.608276e+000 	 
6.567040e+002 	-1.609192e+000 	 
6.567925e+002 	-1.609802e+000 	 
6.568810e+002 	-1.610413e+000 	 
6.569695e+002 	-1.611633e+000 	 
6.570580e+002 	-1.612854e+000 	 
6.571465e+002 	-1.614380e+000 	 
6.572350e+002 	-1.615295e+000 	 
6.573234e+002 	-1.616211e+000 	 
6.574119e+002 	-1.616821e+000 	 
6.575004e+002 	-1.618042e+000 	 
6.575889e+002 	-1.619263e+000 	 
6.576774e+002 	-1.620483e+000 	 
6.577659e+002 	-1.621399e+000 	 
6.578544e+002 	-1.622009e+000 	 
6.579429e+002 	-1.623535e+000 	 
6.580314e+002 	-1.624451e+000 	 
6.581199e+002 	-1.625061e+000 	 
6.582084e+002 	-1.625977e+000 	 
6.582969e+002 	-1.627502e+000 	 
6.583854e+002 	-1.628418e+000 	 
6.584739e+002 	-1.629639e+000 	 
6.585624e+002 	-1.630859e+000 	 
6.586509e+002 	-1.631775e+000 	 
6.587394e+002 	-1.632690e+000 	 
6.588279e+002 	-1.633911e+000 	 
6.589164e+002 	-1.634521e+000 	 
6.590049e+002 	-1.635742e+000 	 
6.590934e+002 	-1.636963e+000 	 
6.591819e+002 	-1.638489e+000 	 
6.592704e+002 	-1.638794e+000 	 
6.593589e+002 	-1.640015e+000 	 
6.594474e+002 	-1.640930e+000 	 
6.595359e+002 	-1.641846e+000 	 
6.596244e+002 	-1.643066e+000 	 
6.597129e+002 	-1.643982e+000 	 
6.598014e+002 	-1.644592e+000 	 
6.598899e+002 	-1.646118e+000 	 
6.599784e+002 	-1.646118e+000 	 
6.600669e+002 	-1.647949e+000 	 
6.601554e+002 	-1.648865e+000 	 
6.602439e+002 	-1.650391e+000 	 
6.603324e+002 	-1.651917e+000 	 
6.604209e+002 	-1.653137e+000 	 
6.605094e+002 	-1.654358e+000 	 
6.605979e+002 	-1.655884e+000 	 
6.606864e+002 	-1.657104e+000 	 
6.607748e+002 	-1.658020e+000 	 
6.608633e+002 	-1.658630e+000 	 
6.609518e+002 	-1.659241e+000 	 
6.610403e+002 	-1.660156e+000 	 
6.611288e+002 	-1.661682e+000 	 
6.612173e+002 	-1.662903e+000 	 
6.613058e+002 	-1.663513e+000 	 
6.613943e+002 	-1.664734e+000 	 
6.614828e+002 	-1.665955e+000 	 
6.615714e+002 	-1.667175e+000 	 
6.616599e+002 	-1.667786e+000 	 
6.617484e+002 	-1.669006e+000 	 
6.618369e+002 	-1.669922e+000 	 
6.619254e+002 	-1.670532e+000 	 
6.620139e+002 	-1.672363e+000 	 
6.621024e+002 	-1.672974e+000 	 
6.621909e+002 	-1.673584e+000 	 
6.622794e+002 	-1.675110e+000 	 
6.623679e+002 	-1.675415e+000 	 
6.624563e+002 	-1.676636e+000 	 
6.625448e+002 	-1.678467e+000 	 
6.626333e+002 	-1.678467e+000 	 
6.627218e+002 	-1.679993e+000 	 
6.628103e+002 	-1.681213e+000 	 
6.628988e+002 	-1.682129e+000 	 
6.629873e+002 	-1.683350e+000 	 
6.630758e+002 	-1.683655e+000 	 
6.631643e+002 	-1.684875e+000 	 
6.632528e+002 	-1.686096e+000 	 
6.633413e+002 	-1.687622e+000 	 
6.634298e+002 	-1.688538e+000 	 
6.635183e+002 	-1.689453e+000 	 
6.636068e+002 	-1.690063e+000 	 
6.636953e+002 	-1.691284e+000 	 
6.637838e+002 	-1.692505e+000 	 
6.638723e+002 	-1.693726e+000 	 
6.639608e+002 	-1.694641e+000 	 
6.640493e+002 	-1.694641e+000 	 
6.641378e+002 	-1.695862e+000 	 
6.642263e+002 	-1.697083e+000 	 
6.643148e+002 	-1.697998e+000 	 
6.644033e+002 	-1.698303e+000 	 
6.644918e+002 	-1.699524e+000 	 
6.645803e+002 	-1.701050e+000 	 
6.646688e+002 	-1.702271e+000 	 
6.647573e+002 	-1.703186e+000 	 
6.648458e+002 	-1.704102e+000 	 
6.649343e+002 	-1.705933e+000 	 
6.650228e+002 	-1.706848e+000 	 
6.651113e+002 	-1.708069e+000 	 
6.651998e+002 	-1.708984e+000 	 
6.652883e+002 	-1.709595e+000 	 
6.653768e+002 	-1.710815e+000 	 
6.654653e+002 	-1.712036e+000 	 
6.655538e+002 	-1.713257e+000 	 
6.656423e+002 	-1.713562e+000 	 
6.657308e+002 	-1.714172e+000 	 
6.658193e+002 	-1.715393e+000 	 
6.659077e+002 	-1.715698e+000 	 
6.659962e+002 	-1.716309e+000 	 
6.660847e+002 	-1.716919e+000 	 
6.661732e+002 	-1.717834e+000 	 
6.662617e+002 	-1.718750e+000 	 
6.663502e+002 	-1.719971e+000 	 
6.664387e+002 	-1.721191e+000 	 
6.665272e+002 	-1.723022e+000 	 
6.666157e+002 	-1.723938e+000 	 
6.667042e+002 	-1.725159e+000 	 
6.667927e+002 	-1.726379e+000 	 
6.668812e+002 	-1.726990e+000 	 
6.669697e+002 	-1.727600e+000 	 
6.670582e+002 	-1.728516e+000 	 
6.671467e+002 	-1.729736e+000 	 
6.672352e+002 	-1.731262e+000 	 
6.673237e+002 	-1.732178e+000 	 
6.674122e+002 	-1.733093e+000 	 
6.675007e+002 	-1.734619e+000 	 
6.675892e+002 	-1.736145e+000 	 
6.676777e+002 	-1.737366e+000 	 
6.677662e+002 	-1.738586e+000 	 
6.678547e+002 	-1.739197e+000 	 
6.679432e+002 	-1.739502e+000 	 
6.680317e+002 	-1.741333e+000 	 
6.681202e+002 	-1.742249e+000 	 
6.682087e+002 	-1.743164e+000 	 
6.682972e+002 	-1.743774e+000 	 
6.683857e+002 	-1.744995e+000 	 
6.684742e+002 	-1.745911e+000 	 
6.685627e+002 	-1.746521e+000 	 
6.686512e+002 	-1.748047e+000 	 
6.687397e+002 	-1.749268e+000 	 
6.688282e+002 	-1.750488e+000 	 
6.689167e+002 	-1.751099e+000 	 
6.690052e+002 	-1.751709e+000 	 
6.690937e+002 	-1.753235e+000 	 
6.691822e+002 	-1.753845e+000 	 
6.692706e+002 	-1.755371e+000 	 
6.693591e+002 	-1.756287e+000 	 
6.694476e+002 	-1.757507e+000 	 
6.695361e+002 	-1.758118e+000 	 
6.696246e+002 	-1.759033e+000 	 
6.697131e+002 	-1.759949e+000 	 
6.698016e+002 	-1.761169e+000 	 
6.698901e+002 	-1.762390e+000 	 
6.699786e+002 	-1.763611e+000 	 
6.700671e+002 	-1.764221e+000 	 
6.701556e+002 	-1.765137e+000 	 
6.702441e+002 	-1.766052e+000 	 
6.703326e+002 	-1.766663e+000 	 
6.704211e+002 	-1.767273e+000 	 
6.705096e+002 	-1.768188e+000 	 
6.705981e+002 	-1.769104e+000 	 
6.706866e+002 	-1.770325e+000 	 
6.707751e+002 	-1.771240e+000 	 
6.708636e+002 	-1.771545e+000 	 
6.709521e+002 	-1.772766e+000 	 
6.710406e+002 	-1.774597e+000 	 
6.711291e+002 	-1.775513e+000 	 
6.712176e+002 	-1.776123e+000 	 
6.713061e+002 	-1.777344e+000 	 
6.713946e+002 	-1.778564e+000 	 
6.714831e+002 	-1.779480e+000 	 
6.715716e+002 	-1.781006e+000 	 
6.716601e+002 	-1.782532e+000 	 
6.717486e+002 	-1.783447e+000 	 
6.718371e+002 	-1.784058e+000 	 
6.719256e+002 	-1.785889e+000 	 
6.720141e+002 	-1.786499e+000 	 
6.721026e+002 	-1.787109e+000 	 
6.721911e+002 	-1.788330e+000 	 
6.722796e+002 	-1.789856e+000 	 
6.723681e+002 	-1.790466e+000 	 
6.724566e+002 	-1.791687e+000 	 
6.725451e+002 	-1.792908e+000 	 
6.726336e+002 	-1.794434e+000 	 
6.727220e+002 	-1.795959e+000 	 
6.728105e+002 	-1.796265e+000 	 
6.728990e+002 	-1.797485e+000 	 
6.729875e+002 	-1.798401e+000 	 
6.730760e+002 	-1.799011e+000 	 
6.731646e+002 	-1.799622e+000 	 
6.732531e+002 	-1.800537e+000 	 
6.733416e+002 	-1.801453e+000 	 
6.734301e+002 	-1.802368e+000 	 
6.735186e+002 	-1.803284e+000 	 
6.736071e+002 	-1.804504e+000 	 
6.736956e+002 	-1.804810e+000 	 
6.737841e+002 	-1.806335e+000 	 
6.738726e+002 	-1.807556e+000 	 
6.739611e+002 	-1.808777e+000 	 
6.740496e+002 	-1.809692e+000 	 
6.741381e+002 	-1.810303e+000 	 
6.742266e+002 	-1.811829e+000 	 
6.743151e+002 	-1.812439e+000 	 
6.744035e+002 	-1.813965e+000 	 
6.744920e+002 	-1.814880e+000 	 
6.745805e+002 	-1.815796e+000 	 
6.746690e+002 	-1.816711e+000 	 
6.747575e+002 	-1.818237e+000 	 
6.748460e+002 	-1.818848e+000 	 
6.749345e+002 	-1.819458e+000 	 
6.750230e+002 	-1.820068e+000 	 
6.751115e+002 	-1.820679e+000 	 
6.752000e+002 	-1.821899e+000 	 
6.752885e+002 	-1.822815e+000 	 
6.753770e+002 	-1.824036e+000 	 
6.754655e+002 	-1.825256e+000 	 
6.755540e+002 	-1.826477e+000 	 
6.756425e+002 	-1.827393e+000 	 
6.757310e+002 	-1.829224e+000 	 
6.758195e+002 	-1.829834e+000 	 
6.759080e+002 	-1.830750e+000 	 
6.759965e+002 	-1.832581e+000 	 
6.760850e+002 	-1.832886e+000 	 
6.761735e+002 	-1.834106e+000 	 
6.762620e+002 	-1.835327e+000 	 
6.763505e+002 	-1.835938e+000 	 
6.764390e+002 	-1.836853e+000 	 
6.765275e+002 	-1.838074e+000 	 
6.766160e+002 	-1.839294e+000 	 
6.767045e+002 	-1.840210e+000 	 
6.767930e+002 	-1.841431e+000 	 
6.768815e+002 	-1.842651e+000 	 
6.769700e+002 	-1.843567e+000 	 
6.770585e+002 	-1.844482e+000 	 
6.771470e+002 	-1.845703e+000 	 
6.772355e+002 	-1.846619e+000 	 
6.773240e+002 	-1.847534e+000 	 
6.774125e+002 	-1.849060e+000 	 
6.775010e+002 	-1.850281e+000 	 
6.775895e+002 	-1.851196e+000 	 
6.776780e+002 	-1.852722e+000 	 
6.777664e+002 	-1.853638e+000 	 
6.778549e+002 	-1.855164e+000 	 
6.779434e+002 	-1.856689e+000 	 
6.780319e+002 	-1.857605e+000 	 
6.781204e+002 	-1.858826e+000 	 
6.782089e+002 	-1.859741e+000 	 
6.782974e+002 	-1.861267e+000 	 
6.783859e+002 	-1.862183e+000 	 
6.784744e+002 	-1.862793e+000 	 
6.785629e+002 	-1.863403e+000 	 
6.786514e+002 	-1.864929e+000 	 
6.787399e+002 	-1.866150e+000 	 
6.788284e+002 	-1.867371e+000 	 
6.789169e+002 	-1.868286e+000 	 
6.790054e+002 	-1.869202e+000 	 
6.790939e+002 	-1.869812e+000 	 
6.791824e+002 	-1.870117e+000 	 
6.792709e+002 	-1.870728e+000 	 
6.793594e+002 	-1.871033e+000 	 
6.794479e+002 	-1.871948e+000 	 
6.795364e+002 	-1.872253e+000 	 
6.796249e+002 	-1.873169e+000 	 
6.797134e+002 	-1.874390e+000 	 
6.798019e+002 	-1.875305e+000 	 
6.798904e+002 	-1.876526e+000 	 
6.799789e+002 	-1.877747e+000 	 
6.800674e+002 	-1.878967e+000 	 
6.801559e+002 	-1.880188e+000 	 
6.802444e+002 	-1.881104e+000 	 
6.803329e+002 	-1.882324e+000 	 
6.804214e+002 	-1.882935e+000 	 
6.805099e+002 	-1.883545e+000 	 
6.805984e+002 	-1.884155e+000 	 
6.806869e+002 	-1.885681e+000 	 
6.807754e+002 	-1.886292e+000 	 
6.808639e+002 	-1.887817e+000 	 
6.809524e+002 	-1.888733e+000 	 
6.810409e+002 	-1.890259e+000 	 
6.811294e+002 	-1.890869e+000 	 
6.812178e+002 	-1.892090e+000 	 
6.813063e+002 	-1.893005e+000 	 
6.813948e+002 	-1.893921e+000 	 
6.814833e+002 	-1.895142e+000 	 
6.815718e+002 	-1.895752e+000 	 
6.816603e+002 	-1.896667e+000 	 
6.817488e+002 	-1.898193e+000 	 
6.818373e+002 	-1.899414e+000 	 
6.819258e+002 	-1.900940e+000 	 
6.820143e+002 	-1.901855e+000 	 
6.821028e+002 	-1.902771e+000 	 
6.821913e+002 	-1.903381e+000 	 
6.822798e+002 	-1.903687e+000 	 
6.823683e+002 	-1.904907e+000 	 
6.824568e+002 	-1.906128e+000 	 
6.825453e+002 	-1.907654e+000 	 
6.826339e+002 	-1.909485e+000 	 
6.827224e+002 	-1.910400e+000 	 
6.828109e+002 	-1.911011e+000 	 
6.828993e+002 	-1.911926e+000 	 
6.829878e+002 	-1.913147e+000 	 
6.830763e+002 	-1.914063e+000 	 
6.831648e+002 	-1.915283e+000 	 
6.832533e+002 	-1.916504e+000 	 
6.833418e+002 	-1.918335e+000 	 
6.834303e+002 	-1.919556e+000 	 
6.835188e+002 	-1.920471e+000 	 
6.836073e+002 	-1.922302e+000 	 
6.836958e+002 	-1.922913e+000 	 
6.837843e+002 	-1.924133e+000 	 
6.838728e+002 	-1.925049e+000 	 
6.839613e+002 	-1.926575e+000 	 
6.840498e+002 	-1.927185e+000 	 
6.841383e+002 	-1.928406e+000 	 
6.842268e+002 	-1.929932e+000 	 
6.843153e+002 	-1.930542e+000 	 
6.844038e+002 	-1.931458e+000 	 
6.844923e+002 	-1.932373e+000 	 
6.845807e+002 	-1.932983e+000 	 
6.846693e+002 	-1.934204e+000 	 
6.847578e+002 	-1.934509e+000 	 
6.848463e+002 	-1.935730e+000 	 
6.849348e+002 	-1.937256e+000 	 
6.850233e+002 	-1.937866e+000 	 
6.851118e+002 	-1.939087e+000 	 
6.852003e+002 	-1.939392e+000 	 
6.852888e+002 	-1.941223e+000 	 
6.853773e+002 	-1.941833e+000 	 
6.854658e+002 	-1.943359e+000 	 
6.855543e+002 	-1.943665e+000 	 
6.856428e+002 	-1.944275e+000 	 
6.857313e+002 	-1.945496e+000 	 
6.858198e+002 	-1.946716e+000 	 
6.859083e+002 	-1.947937e+000 	 
6.859968e+002 	-1.949463e+000 	 
6.860853e+002 	-1.949768e+000 	 
6.861738e+002 	-1.950684e+000 	 
6.862622e+002 	-1.951904e+000 	 
6.863507e+002 	-1.952515e+000 	 
6.864392e+002 	-1.954041e+000 	 
6.865277e+002 	-1.954956e+000 	 
6.866162e+002 	-1.956177e+000 	 
6.867047e+002 	-1.956482e+000 	 
6.867932e+002 	-1.957397e+000 	 
6.868817e+002 	-1.958618e+000 	 
6.869702e+002 	-1.959229e+000 	 
6.870587e+002 	-1.960144e+000 	 
6.871472e+002 	-1.961365e+000 	 
6.872357e+002 	-1.962280e+000 	 
6.873242e+002 	-1.962891e+000 	 
6.874127e+002 	-1.963196e+000 	 
6.875012e+002 	-1.965332e+000 	 
6.875897e+002 	-1.965637e+000 	 
6.876782e+002 	-1.967163e+000 	 
6.877667e+002 	-1.968079e+000 	 
6.878552e+002 	-1.969299e+000 	 
6.879437e+002 	-1.971130e+000 	 
6.880322e+002 	-1.972656e+000 	 
6.881207e+002 	-1.973267e+000 	 
6.882092e+002 	-1.974487e+000 	 
6.882977e+002 	-1.975708e+000 	 
6.883862e+002 	-1.976929e+000 	 
6.884747e+002 	-1.978149e+000 	 
6.885632e+002 	-1.978760e+000 	 
6.886517e+002 	-1.980286e+000 	 
6.887402e+002 	-1.980591e+000 	 
6.888287e+002 	-1.981812e+000 	 
6.889172e+002 	-1.982727e+000 	 
6.890057e+002 	-1.984253e+000 	 
6.890942e+002 	-1.985168e+000 	 
6.891827e+002 	-1.985779e+000 	 
6.892712e+002 	-1.986694e+000 	 
6.893597e+002 	-1.987915e+000 	 
6.894482e+002 	-1.989136e+000 	 
6.895367e+002 	-1.989746e+000 	 
6.896252e+002 	-1.990662e+000 	 
6.897136e+002 	-1.991882e+000 	 
6.898021e+002 	-1.992798e+000 	 
6.898906e+002 	-1.993713e+000 	 
6.899791e+002 	-1.995544e+000 	 
6.900676e+002 	-1.996155e+000 	 
6.901561e+002 	-1.997070e+000 	 
6.902446e+002 	-1.997986e+000 	 
6.903331e+002 	-1.998901e+000 	 
6.904216e+002 	-2.000122e+000 	 
6.905101e+002 	-2.000427e+000 	 
6.905986e+002 	-2.001648e+000 	 
6.906871e+002 	-2.002258e+000 	 
6.907756e+002 	-2.003479e+000 	 
6.908641e+002 	-2.004700e+000 	 
6.909526e+002 	-2.005920e+000 	 
6.910411e+002 	-2.007141e+000 	 
6.911296e+002 	-2.007751e+000 	 
6.912181e+002 	-2.008667e+000 	 
6.913066e+002 	-2.009888e+000 	 
6.913951e+002 	-2.010803e+000 	 
6.914836e+002 	-2.011108e+000 	 
6.915721e+002 	-2.011719e+000 	 
6.916606e+002 	-2.012329e+000 	 
6.917491e+002 	-2.013245e+000 	 
6.918376e+002 	-2.014465e+000 	 
6.919261e+002 	-2.015686e+000 	 
6.920146e+002 	-2.016296e+000 	 
6.921031e+002 	-2.017822e+000 	 
6.921916e+002 	-2.019653e+000 	 
6.922801e+002 	-2.020874e+000 	 
6.923686e+002 	-2.022095e+000 	 
6.924571e+002 	-2.022705e+000 	 
6.925456e+002 	-2.024231e+000 	 
6.926341e+002 	-2.025146e+000 	 
6.927226e+002 	-2.025757e+000 	 
6.928111e+002 	-2.026672e+000 	 
6.928996e+002 	-2.027588e+000 	 
6.929881e+002 	-2.028809e+000 	 
6.930765e+002 	-2.030640e+000 	 
6.931650e+002 	-2.031555e+000 	 
6.932535e+002 	-2.032471e+000 	 
6.933420e+002 	-2.033386e+000 	 
6.934305e+002 	-2.034302e+000 	 
6.935190e+002 	-2.035217e+000 	 
6.936075e+002 	-2.036438e+000 	 
6.936960e+002 	-2.037964e+000 	 
6.937845e+002 	-2.039185e+000 	 
6.938730e+002 	-2.039795e+000 	 
6.939615e+002 	-2.041321e+000 	 
6.940500e+002 	-2.042236e+000 	 
6.941385e+002 	-2.044067e+000 	 
6.942271e+002 	-2.044983e+000 	 
6.943156e+002 	-2.045898e+000 	 
6.944041e+002 	-2.047424e+000 	 
6.944926e+002 	-2.047424e+000 	 
6.945811e+002 	-2.048645e+000 	 
6.946696e+002 	-2.049561e+000 	 
6.947581e+002 	-2.051086e+000 	 
6.948465e+002 	-2.052307e+000 	 
6.949350e+002 	-2.052917e+000 	 
6.950235e+002 	-2.053833e+000 	 
6.951120e+002 	-2.054749e+000 	 
6.952005e+002 	-2.055664e+000 	 
6.952890e+002 	-2.056580e+000 	 
6.953775e+002 	-2.057495e+000 	 
6.954660e+002 	-2.058411e+000 	 
6.955545e+002 	-2.059631e+000 	 
6.956430e+002 	-2.060852e+000 	 
6.957315e+002 	-2.062073e+000 	 
6.958200e+002 	-2.063293e+000 	 
6.959085e+002 	-2.064209e+000 	 
6.959970e+002 	-2.064819e+000 	 
6.960855e+002 	-2.066040e+000 	 
6.961740e+002 	-2.067566e+000 	 
6.962625e+002 	-2.068481e+000 	 
6.963510e+002 	-2.069397e+000 	 
6.964395e+002 	-2.070007e+000 	 
6.965280e+002 	-2.071228e+000 	 
6.966165e+002 	-2.072144e+000 	 
6.967050e+002 	-2.072754e+000 	 
6.967935e+002 	-2.073975e+000 	 
6.968820e+002 	-2.074585e+000 	 
6.969705e+002 	-2.075500e+000 	 
6.970590e+002 	-2.076416e+000 	 
6.971475e+002 	-2.077637e+000 	 
6.972360e+002 	-2.078857e+000 	 
6.973245e+002 	-2.079773e+000 	 
6.974130e+002 	-2.080383e+000 	 
6.975015e+002 	-2.081604e+000 	 
6.975900e+002 	-2.082520e+000 	 
6.976785e+002 	-2.083435e+000 	 
6.977670e+002 	-2.084961e+000 	 
6.978555e+002 	-2.085571e+000 	 
6.979440e+002 	-2.085876e+000 	 
6.980325e+002 	-2.087402e+000 	 
6.981210e+002 	-2.088013e+000 	 
6.982094e+002 	-2.089233e+000 	 
6.982979e+002 	-2.090454e+000 	 
6.983864e+002 	-2.092285e+000 	 
6.984749e+002 	-2.092896e+000 	 
6.985634e+002 	-2.094421e+000 	 
6.986519e+002 	-2.095642e+000 	 
6.987404e+002 	-2.096252e+000 	 
6.988289e+002 	-2.097473e+000 	 
6.989174e+002 	-2.098389e+000 	 
6.990059e+002 	-2.099609e+000 	 
6.990944e+002 	-2.100830e+000 	 
6.991829e+002 	-2.101440e+000 	 
6.992714e+002 	-2.102966e+000 	 
6.993599e+002 	-2.104187e+000 	 
6.994484e+002 	-2.105103e+000 	 
6.995369e+002 	-2.106018e+000 	 
6.996254e+002 	-2.107239e+000 	 
6.997139e+002 	-2.108154e+000 	 
6.998024e+002 	-2.109070e+000 	 
6.998909e+002 	-2.109985e+000 	 
6.999794e+002 	-2.111206e+000 	 
7.000679e+002 	-2.112732e+000 	 
7.001564e+002 	-2.114258e+000 	 
7.002449e+002 	-2.114868e+000 	 
7.003334e+002 	-2.115479e+000 	 
7.004219e+002 	-2.116699e+000 	 
7.005104e+002 	-2.117310e+000 	 
7.005989e+002 	-2.118835e+000 	 
7.006874e+002 	-2.119751e+000 	 
7.007759e+002 	-2.120667e+000 	 
7.008644e+002 	-2.121277e+000 	 
7.009529e+002 	-2.121887e+000 	 
7.010414e+002 	-2.123413e+000 	 
7.011299e+002 	-2.124634e+000 	 
7.012184e+002 	-2.125549e+000 	 
7.013069e+002 	-2.127380e+000 	 
7.013954e+002 	-2.127991e+000 	 
7.014839e+002 	-2.128906e+000 	 
7.015723e+002 	-2.129822e+000 	 
7.016608e+002 	-2.130737e+000 	 
7.017493e+002 	-2.131958e+000 	 
7.018378e+002 	-2.133179e+000 	 
7.019263e+002 	-2.133789e+000 	 
7.020148e+002 	-2.134399e+000 	 
7.021033e+002 	-2.135315e+000 	 
7.021918e+002 	-2.136841e+000 	 
7.022803e+002 	-2.137451e+000 	 
7.023688e+002 	-2.138977e+000 	 
7.024573e+002 	-2.139282e+000 	 
7.025458e+002 	-2.140198e+000 	 
7.026343e+002 	-2.141418e+000 	 
7.027228e+002 	-2.141724e+000 	 
7.028113e+002 	-2.143250e+000 	 
7.028998e+002 	-2.143555e+000 	 
7.029883e+002 	-2.144165e+000 	 
7.030768e+002 	-2.145386e+000 	 
7.031653e+002 	-2.146301e+000 	 
7.032538e+002 	-2.147217e+000 	 
7.033423e+002 	-2.148132e+000 	 
7.034308e+002 	-2.149048e+000 	 
7.035193e+002 	-2.149658e+000 	 
7.036078e+002 	-2.151184e+000 	 
7.036963e+002 	-2.152100e+000 	 
7.037848e+002 	-2.153625e+000 	 
7.038733e+002 	-2.153931e+000 	 
7.039618e+002 	-2.155457e+000 	 
7.040503e+002 	-2.156677e+000 	 
7.041388e+002 	-2.157593e+000 	 
7.042273e+002 	-2.159729e+000 	 
7.043158e+002 	-2.160950e+000 	 
7.044043e+002 	-2.161560e+000 	 
7.044928e+002 	-2.162781e+000 	 
7.045813e+002 	-2.164001e+000 	 
7.046698e+002 	-2.165222e+000 	 
7.047583e+002 	-2.166138e+000 	 
7.048468e+002 	-2.167358e+000 	 
7.049353e+002 	-2.168274e+000 	 
7.050237e+002 	-2.168884e+000 	 
7.051122e+002 	-2.169800e+000 	 
7.052007e+002 	-2.171021e+000 	 
7.052892e+002 	-2.171936e+000 	 
7.053777e+002 	-2.173462e+000 	 
7.054662e+002 	-2.173767e+000 	 
7.055547e+002 	-2.174988e+000 	 
7.056432e+002 	-2.175903e+000 	 
7.057318e+002 	-2.176819e+000 	 
7.058203e+002 	-2.178650e+000 	 
7.059088e+002 	-2.179260e+000 	 
7.059973e+002 	-2.179871e+000 	 
7.060858e+002 	-2.181396e+000 	 
7.061743e+002 	-2.181702e+000 	 
7.062628e+002 	-2.183228e+000 	 
7.063513e+002 	-2.184753e+000 	 
7.064398e+002 	-2.185059e+000 	 
7.065283e+002 	-2.185974e+000 	 
7.066168e+002 	-2.186279e+000 	 
7.067052e+002 	-2.187500e+000 	 
7.067937e+002 	-2.188110e+000 	 
7.068822e+002 	-2.189026e+000 	 
7.069707e+002 	-2.189941e+000 	 
7.070592e+002 	-2.191467e+000 	 
7.071477e+002 	-2.192688e+000 	 
7.072362e+002 	-2.193298e+000 	 
7.073247e+002 	-2.194519e+000 	 
7.074132e+002 	-2.195740e+000 	 
7.075017e+002 	-2.196350e+000 	 
7.075902e+002 	-2.197876e+000 	 
7.076787e+002 	-2.198792e+000 	 
7.077672e+002 	-2.200012e+000 	 
7.078557e+002 	-2.200623e+000 	 
7.079442e+002 	-2.201233e+000 	 
7.080327e+002 	-2.202148e+000 	 
7.081212e+002 	-2.203064e+000 	 
7.082097e+002 	-2.204285e+000 	 
7.082982e+002 	-2.204895e+000 	 
7.083867e+002 	-2.206421e+000 	 
7.084752e+002 	-2.207031e+000 	 
7.085637e+002 	-2.208252e+000 	 
7.086522e+002 	-2.208862e+000 	 
7.087407e+002 	-2.210083e+000 	 
7.088292e+002 	-2.211304e+000 	 
7.089177e+002 	-2.212524e+000 	 
7.090062e+002 	-2.213440e+000 	 
7.090947e+002 	-2.214661e+000 	 
7.091832e+002 	-2.215576e+000 	 
7.092717e+002 	-2.216797e+000 	 
7.093602e+002 	-2.218323e+000 	 
7.094487e+002 	-2.219849e+000 	 
7.095372e+002 	-2.220764e+000 	 
7.096257e+002 	-2.221069e+000 	 
7.097142e+002 	-2.221985e+000 	 
7.098027e+002 	-2.223206e+000 	 
7.098912e+002 	-2.223816e+000 	 
7.099797e+002 	-2.225342e+000 	 
7.100682e+002 	-2.226563e+000 	 
7.101566e+002 	-2.227478e+000 	 
7.102451e+002 	-2.228088e+000 	 
7.103336e+002 	-2.229614e+000 	 
7.104221e+002 	-2.230835e+000 	 
7.105106e+002 	-2.231750e+000 	 
7.105991e+002 	-2.232971e+000 	 
7.106876e+002 	-2.233887e+000 	 
7.107761e+002 	-2.235107e+000 	 
7.108646e+002 	-2.236023e+000 	 
7.109531e+002 	-2.237549e+000 	 
7.110416e+002 	-2.238464e+000 	 
7.111301e+002 	-2.239685e+000 	 
7.112186e+002 	-2.240295e+000 	 
7.113071e+002 	-2.241516e+000 	 
7.113956e+002 	-2.242432e+000 	 
7.114841e+002 	-2.243042e+000 	 
7.115726e+002 	-2.244568e+000 	 
7.116611e+002 	-2.245483e+000 	 
7.117496e+002 	-2.247314e+000 	 
7.118381e+002 	-2.248535e+000 	 
7.119266e+002 	-2.249756e+000 	 
7.120151e+002 	-2.250671e+000 	 
7.121036e+002 	-2.250977e+000 	 
7.121921e+002 	-2.252197e+000 	 
7.122806e+002 	-2.253113e+000 	 
7.123691e+002 	-2.254028e+000 	 
7.124576e+002 	-2.255249e+000 	 
7.125461e+002 	-2.255859e+000 	 
7.126346e+002 	-2.257385e+000 	 
7.127231e+002 	-2.258606e+000 	 
7.128116e+002 	-2.259521e+000 	 
7.129001e+002 	-2.260437e+000 	 
7.129886e+002 	-2.261047e+000 	 
7.130771e+002 	-2.262268e+000 	 
7.131656e+002 	-2.263184e+000 	 
7.132541e+002 	-2.264099e+000 	 
7.133426e+002 	-2.265015e+000 	 
7.134311e+002 	-2.266235e+000 	 
7.135195e+002 	-2.267151e+000 	 
7.136080e+002 	-2.268372e+000 	 
7.136965e+002 	-2.268982e+000 	 
7.137850e+002 	-2.269897e+000 	 
7.138735e+002 	-2.271118e+000 	 
7.139620e+002 	-2.271729e+000 	 
7.140505e+002 	-2.273254e+000 	 
7.141390e+002 	-2.274170e+000 	 
7.142275e+002 	-2.275696e+000 	 
7.143160e+002 	-2.276001e+000 	 
7.144045e+002 	-2.277527e+000 	 
7.144930e+002 	-2.278442e+000 	 
7.145815e+002 	-2.279358e+000 	 
7.146700e+002 	-2.280273e+000 	 
7.147585e+002 	-2.281494e+000 	 
7.148470e+002 	-2.281799e+000 	 
7.149355e+002 	-2.283325e+000 	 
7.150240e+002 	-2.284241e+000 	 
7.151125e+002 	-2.285461e+000 	 
7.152010e+002 	-2.285767e+000 	 
7.152895e+002 	-2.286377e+000 	 
7.153780e+002 	-2.287598e+000 	 
7.154665e+002 	-2.288513e+000 	 
7.155550e+002 	-2.290344e+000 	 
7.156435e+002 	-2.290649e+000 	 
7.157320e+002 	-2.291870e+000 	 
7.158205e+002 	-2.292175e+000 	 
7.159090e+002 	-2.293701e+000 	 
7.159975e+002 	-2.294617e+000 	 
7.160860e+002 	-2.295227e+000 	 
7.161745e+002 	-2.295837e+000 	 
7.162630e+002 	-2.297668e+000 	 
7.163515e+002 	-2.298279e+000 	 
7.164400e+002 	-2.299500e+000 	 
7.165285e+002 	-2.300720e+000 	 
7.166170e+002 	-2.301636e+000 	 
7.167055e+002 	-2.302551e+000 	 
7.167940e+002 	-2.303162e+000 	 
7.168825e+002 	-2.304382e+000 	 
7.169709e+002 	-2.304993e+000 	 
7.170594e+002 	-2.291565e+000 	 
7.171479e+002 	-2.104187e+000 	 
7.172365e+002 	-2.084351e+000 	 
7.173250e+002 	-2.084656e+000 	 
7.174135e+002 	-2.084045e+000 	 
7.175020e+002 	-2.085266e+000 	 
7.175905e+002 	-2.082825e+000 	 
7.176790e+002 	-2.081299e+000 	 
7.177675e+002 	-2.084961e+000 	 
7.178560e+002 	-2.083740e+000 	 
7.179445e+002 	-2.084045e+000 	 
7.180330e+002 	-2.084045e+000 	 
7.181215e+002 	-2.084045e+000 	 
7.182100e+002 	-2.083435e+000 	 
7.182985e+002 	-2.085266e+000 	 
7.183870e+002 	-2.082520e+000 	 
7.184755e+002 	-2.084351e+000 	 
7.185640e+002 	-2.083435e+000 	 
7.186524e+002 	-2.083435e+000 	 
7.187409e+002 	-2.083130e+000 	 
7.188294e+002 	-2.083130e+000 	 
7.189179e+002 	-2.084656e+000 	 
7.190064e+002 	-2.084045e+000 	 
7.190949e+002 	-2.083435e+000 	 
7.191834e+002 	-2.082520e+000 	 
7.192719e+002 	-2.082214e+000 	 
7.193604e+002 	-2.085266e+000 	 
7.194489e+002 	-2.084656e+000 	 
7.195374e+002 	-2.084045e+000 	 
7.196259e+002 	-2.083740e+000 	 
7.197144e+002 	-2.083435e+000 	 
7.198029e+002 	-2.083130e+000 	 
7.198914e+002 	-2.084045e+000 	 
7.199799e+002 	-2.083130e+000 	 
7.200684e+002 	-2.084351e+000 	 
7.201569e+002 	-2.086487e+000 	 
7.202454e+002 	-2.085266e+000 	 
7.203339e+002 	-2.081299e+000 	 
7.204224e+002 	-2.085266e+000 	 
7.205109e+002 	-2.084656e+000 	 
7.205994e+002 	-2.084961e+000 	 
7.206879e+002 	-2.083435e+000 	 
7.207764e+002 	-2.084656e+000 	 
7.208649e+002 	-2.082214e+000 	 
7.209534e+002 	-2.084656e+000 	 
7.210419e+002 	-2.084045e+000 	 
7.211304e+002 	-2.083130e+000 	 
7.212189e+002 	-2.082825e+000 	 
7.213074e+002 	-2.083740e+000 	 
7.213959e+002 	-2.083740e+000 	 
7.214844e+002 	-2.082520e+000 	 
7.215729e+002 	-2.083435e+000 	 
7.216614e+002 	-2.082825e+000 	 
7.217499e+002 	-2.083130e+000 	 
7.218384e+002 	-2.083435e+000 	 
7.219269e+002 	-2.083435e+000 	 
7.220153e+002 	-2.084045e+000 	 
7.221038e+002 	-2.080688e+000 	 
7.221923e+002 	-2.081604e+000 	 
7.222808e+002 	-2.082520e+000 	 
7.223693e+002 	-2.083435e+000 	 
7.224578e+002 	-2.082825e+000 	 
7.225463e+002 	-2.082520e+000 	 
7.226348e+002 	-2.081299e+000 	 
7.227233e+002 	-2.081604e+000 	 
7.228118e+002 	-2.081604e+000 	 
7.229003e+002 	-2.081604e+000 	 
7.229888e+002 	-2.082214e+000 	 
7.230773e+002 	-2.083435e+000 	 
7.231658e+002 	-2.083435e+000 	 
7.232543e+002 	-2.081909e+000 	 
7.233428e+002 	-2.082825e+000 	 
7.234313e+002 	-2.083435e+000 	 
7.235198e+002 	-2.081604e+000 	 
7.236083e+002 	-2.083130e+000 	 
7.236968e+002 	-2.083435e+000 	 
7.237853e+002 	-2.084351e+000 	 
7.238738e+002 	-2.083130e+000 	 
7.239623e+002 	-2.084351e+000 	 
7.240508e+002 	-2.083130e+000 	 
7.241393e+002 	-2.082214e+000 	 
7.242278e+002 	-2.082520e+000 	 
7.243163e+002 	-2.083740e+000 	 
7.244048e+002 	-2.083130e+000 	 
7.244933e+002 	-2.083130e+000 	 
7.245818e+002 	-2.083130e+000 	 
7.246703e+002 	-2.082214e+000 	 
7.247588e+002 	-2.083740e+000 	 
7.248473e+002 	-2.082520e+000 	 
7.249358e+002 	-2.082214e+000 	 
7.250243e+002 	-2.082214e+000 	 
7.251128e+002 	-2.082520e+000 	 
7.252013e+002 	-2.084351e+000 	 
7.252898e+002 	-2.082520e+000 	 
7.253783e+002 	-2.082214e+000 	 
7.254667e+002 	-2.082825e+000 	 
7.255552e+002 	-2.082825e+000 	 
7.256437e+002 	-2.083740e+000 	 
7.257322e+002 	-2.083435e+000 	 
7.258207e+002 	-2.081909e+000 	 
7.259092e+002 	-2.082825e+000 	 
7.259977e+002 	-2.083435e+000 	 
7.260862e+002 	-2.083130e+000 	 
7.261747e+002 	-2.082214e+000 	 
7.262632e+002 	-2.081909e+000 	 
7.263517e+002 	-2.082520e+000 	 
7.264402e+002 	-2.084961e+000 	 
7.265287e+002 	-2.082214e+000 	 
7.266172e+002 	-2.084045e+000 	 
7.267057e+002 	-2.083740e+000 	 
7.267943e+002 	-2.083740e+000 	 
7.268828e+002 	-2.084351e+000 	 
7.269713e+002 	-2.082214e+000 	 
7.270598e+002 	-2.083130e+000 	 
7.271482e+002 	-2.082825e+000 	 
7.272367e+002 	-2.082825e+000 	 
7.273252e+002 	-2.081604e+000 	 
7.274137e+002 	-2.083740e+000 	 
7.275022e+002 	-2.082825e+000 	 
7.275907e+002 	-2.082825e+000 	 
7.276792e+002 	-2.077026e+000 	 
7.277677e+002 	-2.081299e+000 	 
7.278562e+002 	-2.082825e+000 	 
7.279447e+002 	-2.081299e+000 	 
7.280332e+002 	-2.082214e+000 	 
7.281217e+002 	-2.081909e+000 	 
7.282102e+002 	-2.082520e+000 	 
7.282987e+002 	-2.081604e+000 	 
7.283872e+002 	-2.083435e+000 	 
7.284757e+002 	-2.082520e+000 	 
7.285642e+002 	-2.083130e+000 	 
7.286527e+002 	-2.083435e+000 	 
7.287412e+002 	-2.085876e+000 	 
7.288297e+002 	-2.083130e+000 	 
7.289182e+002 	-2.083435e+000 	 
7.290067e+002 	-2.086182e+000 	 
7.290952e+002 	-2.082825e+000 	 
7.291837e+002 	-2.082214e+000 	 
7.292722e+002 	-2.084045e+000 	 
7.293607e+002 	-2.084961e+000 	 
7.294492e+002 	-2.082825e+000 	 
7.295377e+002 	-2.084045e+000 	 
7.296262e+002 	-2.083130e+000 	 
7.297147e+002 	-2.082520e+000 	 
7.298032e+002 	-2.082825e+000 	 
7.298917e+002 	-2.083740e+000 	 
7.299802e+002 	-2.082825e+000 	 
7.300687e+002 	-2.083130e+000 	 
7.301572e+002 	-2.083435e+000 	 
7.302457e+002 	-2.083130e+000 	 
7.303342e+002 	-2.082520e+000 	 
7.304227e+002 	-2.082520e+000 	 
7.305111e+002 	-2.082825e+000 	 
7.305996e+002 	-2.081909e+000 	 
7.306881e+002 	-2.082825e+000 	 
7.307766e+002 	-2.084045e+000 	 
7.308651e+002 	-2.081604e+000 	 
7.309536e+002 	-2.082825e+000 	 
7.310421e+002 	-2.081299e+000 	 
7.311306e+002 	-2.081299e+000 	 
7.312191e+002 	-2.081604e+000 	 
7.313076e+002 	-2.083435e+000 	 
7.313961e+002 	-2.082825e+000 	 
7.314846e+002 	-2.083740e+000 	 
7.315731e+002 	-2.084656e+000 	 
7.316616e+002 	-2.083740e+000 	 
7.317501e+002 	-2.083130e+000 	 
7.318386e+002 	-2.084045e+000 	 
7.319271e+002 	-2.082825e+000 	 
7.320156e+002 	-2.081299e+000 	 
7.321041e+002 	-2.081909e+000 	 
7.321926e+002 	-2.084961e+000 	 
7.322811e+002 	-2.083740e+000 	 
7.323696e+002 	-2.082214e+000 	 
7.324581e+002 	-2.083740e+000 	 
7.325466e+002 	-2.083435e+000 	 
7.326351e+002 	-2.083130e+000 	 
7.327236e+002 	-2.084656e+000 	 
7.328121e+002 	-2.082214e+000 	 
7.329006e+002 	-2.083740e+000 	 
7.329891e+002 	-2.084045e+000 	 
7.330776e+002 	-2.083740e+000 	 
7.331661e+002 	-2.085266e+000 	 
7.332546e+002 	-2.084045e+000 	 
7.333431e+002 	-2.080994e+000 	 
7.334316e+002 	-2.085266e+000 	 
7.335201e+002 	-2.084961e+000 	 
7.336086e+002 	-2.084961e+000 	 
7.336971e+002 	-2.082825e+000 	 
7.337856e+002 	-2.082520e+000 	 
7.338741e+002 	-2.082825e+000 	 
7.339625e+002 	-2.084351e+000 	 
7.340510e+002 	-2.083435e+000 	 
7.341395e+002 	-2.083130e+000 	 
7.342280e+002 	-2.082825e+000 	 
7.343165e+002 	-2.082520e+000 	 
7.344050e+002 	-2.083130e+000 	 
7.344935e+002 	-2.082214e+000 	 
7.345820e+002 	-2.081909e+000 	 
7.346705e+002 	-2.081909e+000 	 
